# Camera parameter file. 

# The format of each camera is as follows:
# Filename (of the undistorted image in visualize folder)
# Original filename
# Focal Length (of the undistorted image)
# 2-vec Principal Point (image center)
# 3-vec Translation T (as in P = K[R T])
# 3-vec Camera Position C (as in P = K[R -RC])
# 3-vec Axis Angle format of R
# 4-vec Quaternion format of R
# 3x3 Matrix format of R
# [Normalized radial distortion] = [radial distortion] * [focal length]^2
# 3-vec Lat/Lng/Alt from EXIF

# The nubmer of cameras in this reconstruction
53

00000000.jpg
C:\Users\Deepanshu\Desktop\winter school\P8\01_Cam\P1110683.JPG
3847.97045898
1800 1200
0.270821143737 -0.00817334241573 0.469421866982
0.23935234515 -0.000893784251667 -0.486289051375
0.018974848018 0.980162401957 0.047024267175
0.881986191227 0.00911118640154 0.47064631767 0.0225797257096
0.555964618231 -0.0312537122504 0.830618151622
0.0484063128599 0.998815175972 0.00518230218352
-0.829796060926 0.0373260645509 0.556818771856
0.115727172392
0 0 0

00000001.jpg
C:\Users\Deepanshu\Desktop\winter school\P8\01_Cam\P1110688.JPG
3901.68432617
1800 1200
-0.773360533968 -0.0211827088101 1.07444912993
1.31743757008 -0.00622777542891 0.131508633614
0.000793034296805 1.04631966847 0.0234242358434
0.866179348036 0.000378666713952 0.499608191222 0.011184861045
0.500532557473 -0.0189977912172 0.865508374592
0.0197545913741 0.999750936681 0.0105201630693
-0.865492814792 0.0118321362189 0.500783157705
0.111868952657
0 0 0

00000002.jpg
C:\Users\Deepanshu\Desktop\winter school\P8\01_Cam\P1110682.JPG
3850.83813477
1800 1200
0.278394097578 -0.0127639333106 0.467124649014
0.23997495765 0.00179287765594 -0.488139040681
0.0227180668186 0.9936457667 0.041637961434
0.878832082045 0.0108964328805 0.476589601146 0.0199711205919
0.54492751266 -0.0247162029535 0.83811927981
0.0454888430085 0.998967435064 -0.00011620406903
-0.837249646013 0.038188335112 0.545488366001
0.122747690562
0 0 0

00000003.jpg
C:\Users\Deepanshu\Desktop\winter school\P8\01_Cam\P1110687.JPG
3903.45849609
1800 1200
-0.771201139222 -0.0240637396131 1.08070144232
1.32151883107 -0.00728088891425 0.129524904053
0.000903444841123 1.04857351513 0.0267470834455
0.865596090856 0.000431297278149 0.500580536222 0.0127688418411
0.498513879877 -0.0216735701671 0.866612157532
0.0225370681626 0.999672837309 0.0120369633116
-0.866590063719 0.0135302802635 0.498839652833
0.109973489298
0 0 0

00000004.jpg
C:\Users\Deepanshu\Desktop\winter school\P8\01_Cam\P1110681.JPG
3897.31811523
1800 1200
1.32451585199 -0.000879208569342 0.459979186402
-0.817794987392 -0.00275684743375 -1.13891293226
0.0155642994625 0.613804987345 0.00832907125492
0.953235834 0.00766045868533 0.302103397441 0.00409941394339
0.817434293528 -0.00318689879871 0.576015032785
0.0124439342782 0.999849914425 -0.0121275550791
-0.575888103272 0.0170813398159 0.81735001293
0.12637748974
0 0 0

00000005.jpg
C:\Users\Deepanshu\Desktop\winter school\P8\01_Cam\P1110680.JPG
3892.10351563
1800 1200
1.33261896978 0.0108051165891 0.441093142539
-0.823757619726 0.000628549344473 -1.13665134458
0.0104228981148 0.624068281532 0.0178837252218
0.95165847629 0.00512719879602 0.30698967854 0.00879730506964
0.811359752465 -0.0135960193054 0.584389090589
0.0198921004467 0.9997943051 -0.00435730155491
-0.584208228274 0.0151600672205 0.811461364411
0.131273751835
0 0 0

00000006.jpg
C:\Users\Deepanshu\Desktop\winter school\P8\01_Cam\P1110676.JPG
3998.19775391
1800 1200
2.41645228548 0.0561601673308 0.782106799019
-1.81887596617 -0.0218279948123 -1.77350585316
0.0066833096869 0.459976467436 0.0199574110573
0.973614035457 0.00331221188672 0.22796183245 0.0098907842415
0.895869957419 -0.0177494295033 0.443958718362
0.0207697959335 0.999784583769 -0.00194011653063
-0.443828640124 0.0109591473947 0.896042618972
0.185885410081
0 0 0

00000007.jpg
C:\Users\Deepanshu\Desktop\winter school\P8\01_Cam\P1110677.JPG
4011.61767578
1800 1200
2.41472328152 0.0490220670968 0.791430306704
-1.80688413704 -0.0208966592749 -1.78728746407
0.00949563723422 0.463453563523 0.0188848520478
0.973216018812 0.00470535394675 0.229654208608 0.00935797260625
0.894342383196 -0.0160534155728 0.447094099331
0.0203758998032 0.99978301822 -0.00486040902245
-0.44691851909 0.0134568943182 0.894472275669
0.178966844859
0 0 0

00000008.jpg
C:\Users\Deepanshu\Desktop\winter school\P8\01_Cam\P1110675.JPG
3869.27978516
1800 1200
1.66970198075 0.0277975687867 1.77820169881
-1.78741792814 -0.00428670433793 -1.66005495786
-0.0105040404492 -0.0684189628545 0.00314927896779
0.999400229022 -0.00525097017949 -0.034202641869 0.00157432466362
0.99765644374 -0.0027876263989 -0.0683803163519
0.0035058953186 0.999941083566 0.0103879794929
0.0683481961163 -0.010603303707 0.997605743774
0.13527269044
0 0 0

00000009.jpg
C:\Users\Deepanshu\Desktop\winter school\P8\01_Cam\P1110674.JPG
3945.83325195
1800 1200
3.4513025998 0.0627624902353 1.49948598397
-2.89920282463 -0.0228099283316 -2.39957545689
0.00191091681673 0.281615730543 0.0136722469127
0.990079568549 0.000952296793947 0.14034193167 0.00681350270563
0.96051654642 -0.0132245163015 0.277912479755
0.0137591229749 0.999907107554 2.67516406885e-005
-0.277886236875 0.00379815003621 0.960606554256
0.127588990239
0 0 0

00000010.jpg
C:\Users\Deepanshu\Desktop\winter school\P8\01_Cam\P1110673.JPG
3459.00585938
1800 1200
2.6273898852 0.582915082638 -0.398450349534
-2.62335859634 -0.501376766686 -0.517995724519
0.0384817761458 0.353308457863 0.0316033496225
0.984129290586 0.0191389911187 0.175718693742 0.0157179914319
0.9377531939 -0.0242108795295 0.346461846574
0.0376632634999 0.998775082668 -0.0321465684685
-0.345257807084 0.0431943985401 0.937513565786
0.0896043266418
0 0 0

00000011.jpg
C:\Users\Deepanshu\Desktop\winter school\P8\01_Cam\P1110672.JPG
3869.59692383
1800 1200
2.2047385321 0.0213640508673 2.94485570609
-2.86922405006 -0.000268792436802 -2.30239703522
-0.00281943951719 -0.251907031836 0.00535527348308
0.992074203208 -0.00140599340284 -0.125620579102 0.0026705588617
0.968425327491 -0.00494549678627 -0.249257347941
0.00565207343308 0.999983490869 0.00211874744734
0.249242395736 -0.00346065169203 0.968436080327
0.140833170403
0 0 0

00000012.jpg
C:\Users\Deepanshu\Desktop\winter school\P8\01_Cam\P1110670.JPG
3873.39575195
1800 1200
2.2045105495 -0.0340555662647 2.94252619706
-2.86547637856 0.00148823416856 -2.304025009
0.00915612497999 -0.250617725173 -0.00330476035861
0.992147681264 0.00456607340343 -0.12498070219 -0.00164805290569
0.968754763224 0.00212892492726 -0.248013875965
-0.00441152254868 0.999955635386 -0.00864846708977
0.247983379558 0.00947240946902 0.968717687139
0.139820657742
0 0 0

00000013.jpg
C:\Users\Deepanshu\Desktop\winter school\P8\01_Cam\P1110669.JPG
3869.40063477
1800 1200
2.17207065543 -0.0213867002039 2.96368864469
-2.86420589007 7.52608822485e-005 -2.30176068294
0.0166439745339 -0.261427416113 0.00898663212417
0.991424772373 0.00829818599512 -0.130339860753 0.00448046496851
0.965983338233 -0.0110472425927 -0.258369754719
0.00672093325348 0.999822985574 -0.0176219837084
0.258518912395 0.0152861249369 0.965885993295
0.136155260564
0 0 0

00000014.jpg
C:\Users\Deepanshu\Desktop\winter school\P8\01_Cam\P1110671.JPG
3869.73974609
1800 1200
2.22323224279 -0.0361406778774 2.92603590348
-2.86613863601 -0.000243024687435 -2.30021610286
0.00910783766236 -0.244764761718 -0.00487351289188
0.992507657511 0.00454253996706 -0.12207658435 -0.00243066772949
0.970183393918 0.0037158152763 -0.242346259932
-0.00593401006124 0.999948420316 -0.00842355398812
0.242301519147 0.00961046881929 0.970153986636
0.137042706441
0 0 0

00000015.jpg
C:\Users\Deepanshu\Desktop\winter school\P8\01_Cam\P1110668.JPG
3876.27563477
1800 1200
2.18370930036 -0.0326913535603 2.95881763445
-2.86687221658 0.000257044323179 -2.30332231035
0.0148864271807 -0.25822038145 0.00273792493299
0.991648560393 0.00742248151468 -0.128750571561 0.00136514940469
0.966843306118 -0.00461878842589 -0.25533035317
0.000796205341642 0.99988776025 -0.0150725571078
0.255370922585 0.0143694153266 0.966736402951
0.143904535292
0 0 0

00000016.jpg
C:\Users\Deepanshu\Desktop\winter school\P8\01_Cam\P1110666.JPG
3878.15307617
1800 1200
2.53522810445 -0.0834771293435 4.14476604444
-3.8852738729 -0.00150034208033 -2.91856436256
0.00594001940905 -0.37747931594 -0.0196199160079
0.982189696383 0.00295235642134 -0.187617818326 -0.00975164911479
0.929410253484 0.018048109951 -0.368610116247
-0.0202637671822 0.999793178706 -0.00214039340774
0.368495035823 0.00945870282062 0.929582966537
0.153297705859
0 0 0

00000017.jpg
C:\Users\Deepanshu\Desktop\winter school\P8\01_Cam\P1110667.JPG
3878.78637695
1800 1200
2.5459946652 -0.0705445362376 4.13842673903
-3.88445127174 -0.00087079523454 -2.91969877976
0.00278467641095 -0.374623478245 -0.0188940859406
0.98246325616 0.00138418962391 -0.186215507634 -0.00939175467911
0.930471653469 0.0179385963549 -0.365925677225
-0.0189696191775 0.999819914283 0.000777952403871
0.365873898684 0.00621761418407 0.93064463107
0.154721094412
0 0 0

00000018.jpg
C:\Users\Deepanshu\Desktop\winter school\P8\01_Cam\P1110665.JPG
3872.18261719
1800 1200
3.90415702067 -0.0617959096596 2.94823183243
-3.91240743039 -0.0086137622471 -2.93790806258
0.0174786444567 -0.0027598645263 -0.00485298030221
0.999958155398 0.00873920033018 -0.00137991301552 -0.00242645630584
0.9999847573 0.0048286204811 -0.00280211854092
-0.00487679860588 0.99983639656 -0.0174710162708
0.00271730255354 0.0174843222965 0.999844096331
0.119130923758
0 0 0

00000019.jpg
C:\Users\Deepanshu\Desktop\winter school\P8\01_Cam\P1110664.JPG
3872.31762695
1800 1200
3.99719776952 0.0069577866953 4.73198371416
-5.07904705244 -0.0014872744015 -3.54578514816
-0.000577090983588 -0.25991295062 0.000672387108025
0.991567469687 -0.000287733978724 -0.129590982238 0.000335248034256
0.966412398941 -0.000590301802641 -0.256996789356
0.000739382377538 0.99999964857 0.000483716542188
0.256996020052 -0.000657514070717 0.966412140258
0.125216784879
0 0 0

00000020.jpg
C:\Users\Deepanshu\Desktop\winter school\P8\01_Cam\P1110662.JPG
3874.62255859
1800 1200
4.16014020554 -0.186547261224 5.77973280406
-5.86827865789 0.00420278066198 -4.03857772327
0.0181800209886 -0.344136559001 -0.0182048369636
0.985150627671 0.00904497214415 -0.171215731374 -0.00905731865369
0.941206887936 0.0147483810349 -0.337510429854
-0.0209429115919 0.999672899305 -0.0147197895495
0.337182711067 0.0209228503908 0.941207249559
0.126044513958
0 0 0

00000021.jpg
C:\Users\Deepanshu\Desktop\winter school\P8\01_Cam\P1110663.JPG
3874.70214844
1800 1200
4.18559234915 -0.149512325781 5.76436474353
-5.86884369534 0.00395292955048 -4.0405522437
0.0151170296399 -0.339808513863 -0.0139321907373
0.985548456487 0.007522068884 -0.169085006085 -0.00693250598351
0.942724921598 0.011120881677 -0.333387324826
-0.0162084006095 0.999790388965 -0.0124823667751
0.333178542224 0.0171710867378 0.94270772977
0.125004267143
0 0 0

00000022.jpg
C:\Users\Deepanshu\Desktop\winter school\P8\01_Cam\P1110691.JPG
3877.35083008
1800 1200
-1.70253352038 -0.0411548085803 1.81147919163
2.36725700116 0.00318762086792 0.760161090006
-0.0209161830224 1.12680670136 0.0220424395087
0.84533330319 -0.00991314422354 0.534045687526 0.0104469291387
0.429373236011 -0.0282504263339 0.902685999054
0.00707412213427 0.999585222336 0.0279180886735
-0.903100421312 -0.00560155513251 0.429395115585
0.137461003772
0 0 0

00000023.jpg
C:\Users\Deepanshu\Desktop\winter school\P8\01_Cam\P1110692.JPG
3879.35180664
1800 1200
-1.80737068346 -0.0900102525337 1.71833091326
2.37794500117 -1.35513401507e-005 0.756783852181
0.00958412151647 1.06816415845 0.0366414192787
0.860565619693 0.00456719255069 0.509020193347 0.0174610074474
0.481187893281 -0.025403104103 0.876250189335
0.0347022666749 0.999349070894 0.00991526637658
-0.875930923161 0.0256367419272 0.481755779014
0.142932126028
0 0 0

00000024.jpg
C:\Users\Deepanshu\Desktop\winter school\P8\01_Cam\P1110678.JPG
3891.92138672
1800 1200
0.735801591467 0.00983101918165 1.13454285517
-0.778314385644 -6.93889390391e-018 -1.10585501421
-0.00586555685522 -0.0379271510445 0.00430506561242
0.999813718114 -0.00293259631752 -0.0189623979841 0.00215239914526
0.999271115617 -0.00419277365253 -0.0379303728221
0.00441521911662 0.999975063218 0.00578248553854
0.0379050897092 -0.00594571457323 0.99926370488
0.138997670138
0 0 0

00000025.jpg
C:\Users\Deepanshu\Desktop\winter school\P8\01_Cam\P1110679.JPG
3893.33081055
1800 1200
0.780798215014 0.0124172608961 1.11109589112
-0.780829115646 0.000391822844207 -1.11114319411
-0.00489832557708 2.27923541489e-005 0.00943419374223
0.999985995758 -0.00244915135564 1.13961238761e-005 0.00471707485131
0.999955691824 -0.00943406483177 0
0.00943397033722 0.999944540758 0.00489832752742
-4.55838571282e-005 -0.0048981407011 0.999987734264
0.132757812994
0 0 0

00000026.jpg
C:\Users\Deepanshu\Desktop\winter school\P8\01_Cam\P1110684.JPG
3886.69580078
1800 1200
-0.255869745693 -0.0224232902453 0.478399837074
0.333966251237 0.00851696243219 -0.428057099271
0.0262627173964 0.17164936586 0.00667401994032
0.996227598274 0.0131148422883 0.0857167340364 0.00333281273317
0.985282670568 -0.00439214854887 0.170874415039
0.00888881154978 0.999634100067 -0.0255593964368
-0.170699089285 0.0267020749017 0.984960939612
0.132999563308
0 0 0

00000027.jpg
C:\Users\Deepanshu\Desktop\winter school\P8\01_Cam\P1110685.JPG
3889.86425781
1800 1200
-0.247433240655 -0.0195796703146 0.486541517774
0.335574837279 0.00741091051622 -0.430887346855
0.022152925026 0.191354821294 0.00675526812464
0.995359478407 0.0110593236854 0.0955293671137 0.00337240778292
0.981725249515 -0.0046005316655 0.190246839861
0.00882650054164 0.999732967399 -0.0213716818034
-0.190097404231 0.0226603288168 0.981503748109
0.131881969529
0 0 0

00000028.jpg
C:\Users\Deepanshu\Desktop\winter school\P8\01_Cam\P1110686.JPG
3915.59619141
1800 1200
-1.31387539619 -0.0221868679071 0.161621412669
1.31356035934 -0.00180636907008 0.165642203762
0.0406759993073 0.248107803541 0.0182290553644
0.992067569373 0.0202841945707 0.123725711654 0.00909041479372
0.969218876705 -0.0130172694519 0.245857548993
0.0230559533841 0.99901206633 -0.0379971641579
-0.245119515127 0.04249600226 0.968561305771
0.116398195676
0 0 0

00000029.jpg
C:\Users\Deepanshu\Desktop\winter school\P8\01_Cam\P1110690.JPG
3905.24829102
1800 1200
-2.39028892179 0.00816434346856 0.797865629641
2.39798021227 -0.00271290765191 0.774480290253
0.0355304625197 0.634421132208 -0.00237338379264
0.949953361693 0.0174678671263 0.311900922578 -0.0011668283999
0.805433010235 0.0131133480567 0.592541969135
0.00867961781271 0.99938703326 -0.0339151955632
-0.592623350539 0.0324594408297 0.804825514075
0.13352272425
0 0 0

00000030.jpg
C:\Users\Deepanshu\Desktop\winter school\P8\01_Cam\P1110689.JPG
3901.04931641
1800 1200
-2.41819816188 -0.0141101053402 0.708654205174
2.39718394218 -0.00143853454794 0.776902100811
0.0469644251695 0.598483402584 0.00692839297429
0.955282889021 0.0231311389627 0.29476785252 0.00341240460409
0.82620070561 0.00711700032506 0.563331383668
0.0201562472399 0.998907188871 -0.0421818454889
-0.563015359317 0.0462052795298 0.825153697747
0.128304590252
0 0 0

00000031.jpg
C:\Users\Deepanshu\Desktop\winter school\P8\01_Cam\P1110693.JPG
3889.28540039
1800 1200
-3.09307664697 -0.228760751227 2.46241444954
3.48699229589 -0.00641930864693 1.87717448426
0.0291357900457 1.16642216871 0.0605684359733
0.834165498344 0.0137533350327 0.550600991108 0.0285908839624
0.392042055108 -0.0325538322115 0.919371141318
0.0628442836629 0.997987492982 0.00853922111776
-0.917798259227 0.0544294514036 0.393298766421
0.122261798669
0 0 0

00000032.jpg
C:\Users\Deepanshu\Desktop\winter school\P8\01_Cam\P1110694.JPG
3895.69628906
1800 1200
-3.10846232203 -0.159984396904 2.458579477
3.49464246642 -0.00687330686637 1.87620879426
0.0427112317951 1.16229635254 0.0409348160537
0.835419717434 0.0201706596162 0.548902083007 0.01933173562
0.39666628403 -0.0101568050499 0.917907258134
0.0544436473869 0.998438353748 -0.012479481047
-0.916347234204 0.054924385981 0.396599779333
0.115392113233
0 0 0

00000033.jpg
C:\Users\Deepanshu\Desktop\winter school\P8\01_Cam\P1110698.JPG
3881.41894531
1800 1200
-2.81737691887 -0.106514126293 2.64029598655
2.80736171522 -1.38777878078e-017 2.65308219105
-0.0179453706337 1.50975106861 0.0303454567481
0.728215800552 -0.00814403793617 0.685161105219 0.0137714932721
0.0607288753925 -0.0312171812166 0.997665661478
0.0088972947752 0.999488412948 0.0307326331038
-0.998114909499 0.00701016468212 0.0609757203553
0.144446921782
0 0 0

00000034.jpg
C:\Users\Deepanshu\Desktop\winter school\P8\01_Cam\P1110697.JPG
3888.37841797
1800 1200
-2.79662493767 -0.120038178084 2.66845436631
2.82488875163 0.000649116684557 2.64124409147
-0.0175440795563 1.51334733633 0.0341211390757
0.726956646126 -0.00795809228975 0.686462788218 0.0154775388999
0.05705862054 -0.0334288655295 0.997810989933
0.0115771335464 0.999394265745 0.0328198898923
-0.998303754921 0.00967913757019 0.0574109751039
0.145651389758
0 0 0

00000035.jpg
C:\Users\Deepanshu\Desktop\winter school\P8\01_Cam\P1110695.JPG
3889.56347656
1800 1200
-3.32502401462 -0.246940200027 2.60594828669
2.46608069187 -0.0248105786178 3.43883099805
0.0531356170109 1.61382665076 0.0801020139427
0.690697295359 0.0237675595038 0.721864600593 0.0358296278439
-0.0447444978328 -0.0151809311788 0.998883315598
0.0838087770033 0.996302431884 0.0188959076791
-0.995476393381 0.0845606639453 -0.043306918786
0.150744400121
0 0 0

00000036.jpg
C:\Users\Deepanshu\Desktop\winter school\P8\01_Cam\P1110696.JPG
3883.1159668
1800 1200
-3.41629722867 -0.44493593968 2.47159430343
2.46983500629 -0.0193744461722 3.44635975692
0.0748573539139 1.57683404912 0.135687153445
0.702269685461 0.0336346382859 0.708497430194 0.0609664660526
-0.0113722249797 -0.0379696547259 0.999213474473
0.133289949028 0.990303860932 0.0391480738951
-0.991011595337 0.133630421294 -0.00620079148282
0.155566768743
0 0 0

00000037.jpg
C:\Users\Deepanshu\Desktop\winter school\P8\01_Cam\P1110660.JPG
3878.5559082
1800 1200
4.03014522562 -0.287564199485 7.23943640908
-7.57940951782 0.00188819810175 -3.35956391432
0.0142206808582 -0.645310980981 -0.034505507524
0.948225876892 0.0069872010279 -0.317067628096 -0.016953964444
0.798361731768 0.0277215406781 -0.601540256588
-0.0365832105288 0.999328322663 -0.00249976954853
0.601066662153 0.0240020097383 0.7988392
0.139010926361
0 0 0

00000038.jpg
C:\Users\Deepanshu\Desktop\winter school\P8\01_Cam\P1110658.JPG
3876.99072266
1800 1200
5.15488076726 0.194436867055 6.30476742972
-7.44928450922 0.00958278861428 -3.29676911132
-0.0201909909204 -0.46879753218 0.01639547328
0.972570588346 -0.0100030210577 -0.232251681191 0.00812264564514
0.891987127522 -0.0111532643982 -0.451924885633
0.0204461206179 0.999668395055 0.0156842977565
0.451599731249 -0.0232302785446 0.891918674685
0.127418651073
0 0 0

00000039.jpg
C:\Users\Deepanshu\Desktop\winter school\P8\01_Cam\P1110659.JPG
3877.10961914
1800 1200
5.20850482803 0.186483098788 6.26176228904
-7.45060416273 0.00985497242806 -3.29565134458
-0.0119409539195 -0.460446741799 0.0214524991963
0.973540862268 -0.00591772559358 -0.228189262499 0.0106314792265
0.895633411481 -0.0179996423524 -0.444428863575
0.0234010754612 0.999704056832 0.00667030646235
0.444177421917 -0.0163742842458 0.895789773712
0.129085151036
0 0 0

00000040.jpg
C:\Users\Deepanshu\Desktop\winter school\P8\01_Cam\P1110657.JPG
3879.59594727
1800 1200
4.62768310232 0.0405029741044 7.37293853991
-8.2787415874 -0.013162280503 -2.69064568188
0.00649385527371 -0.696010539787 0.00912773517755
0.940039551605 0.00318176870633 -0.341021544434 0.00447228047493
0.767368607782 -0.0105783335905 -0.641118999957
0.00623814853866 0.999940578501 -0.00903223496695
0.641175958912 0.00293171874509 0.767388248043
0.14451909015
0 0 0

00000041.jpg
C:\Users\Deepanshu\Desktop\winter school\P8\01_Cam\P1110656.JPG
3879.92236328
1800 1200
4.62478893882 -0.0091396143965 7.37342864146
-8.27782408854 -0.0131566337814 -2.68954870911
0.00179281991185 -0.696448706642 -0.00191699222544
0.939979260707 0.000878402752646 -0.341229175863 -0.000939241714409
0.767123694075 0.00116625833981 -0.641498476332
-0.00236521258953 0.999996706264 -0.00101035206618
0.641494917506 0.00229236941396 0.767123641895
0.144924989367
0 0 0

00000042.jpg
C:\Users\Deepanshu\Desktop\winter school\P8\01_Cam\P1110661.JPG
3877.48364258
1800 1200
4.04398007071 -0.911130338863 7.17435964805
-7.57635332131 0.00810625191804 -3.35472848263
0.0748277473357 -0.640041208197 -0.0821160532124
0.947712799095 0.0367594829376 -0.314423254873 -0.0403398974906
0.799020995138 0.0533451727216 -0.598931591811
-0.0995773759422 0.994043939373 -0.0443073071623
0.593000180094 0.0950424227102 0.79957326376
0.13187411762
0 0 0

00000043.jpg
C:\Users\Deepanshu\Desktop\winter school\P8\01_Cam\P1110654.JPG
3867.3972168
1800 1200
5.66982091883 0.0181013545091 7.53748260938
-9.21530605268 -0.026051421538 -2.00955825443
0.00620406587881 -0.711153263676 0.00295639007739
0.937440103865 0.00303707143247 -0.348130291233 0.0014472392819
0.75760618006 -0.00482799719545 -0.652693754332
0.0005988033755 0.999977782368 -0.00670179357522
0.652711431155 0.00468649666118 0.757591830913
0.117459551218
0 0 0

00000044.jpg
C:\Users\Deepanshu\Desktop\winter school\P8\01_Cam\P1110652.JPG
3870.85180664
1800 1200
5.82657889656 -0.235286286748 7.79914956633
-9.68361365522 0 -1.02895782705
0.0236754958174 -0.823408168073 -0.0151279981011
0.916344277059 0.0115057708432 -0.40015828033 -0.007351874732
0.679638326649 0.00426543210706 -0.733534518268
-0.0226819612382 0.999627225661 -0.015202700016
0.733196482124 0.0269702890451 0.679481784086
0.123669101516
0 0 0

00000045.jpg
C:\Users\Deepanshu\Desktop\winter school\P8\01_Cam\P1110653.JPG
3873.13818359
1800 1200
5.9311476414 -0.278528514344 7.7209776272
-9.68549466133 0.000708598240496 -1.02990354697
0.0254157264353 -0.809931375545 -0.019368411146
0.918991878327 0.0123628266726 -0.393970293867 -0.00942126562979
0.689397655052 0.00757495063503 -0.724343848249
-0.0270573157543 0.999517234314 -0.0152992685076
0.723878153215 0.0301460807136 0.689269400356
0.126418831039
0 0 0

00000046.jpg
C:\Users\Deepanshu\Desktop\winter school\P8\01_Cam\P1110651.JPG
3889.11010742
1800 1200
5.28791118343 -0.39792297603 8.97609774478
-10.4250599442 0.0611228254294 -0.0711307556094
0.0242101119669 -1.03167921743 -0.0250532763631
0.869733884312 0.0115747175201 -0.493239995312 -0.0119778296462
0.513141885553 0.00941681664508 -0.858252529454
-0.0322532805703 0.999445447216 -0.00831796436567
0.85769761863 0.0319497317485 0.513160785313
0.122476171297
0 0 0

00000047.jpg
C:\Users\Deepanshu\Desktop\winter school\P8\01_Cam\P1110650.JPG
3890.21679688
1800 1200
5.21967980026 -0.383865263927 9.01928522827
-10.4273943567 0.0612910073862 -0.0746967225657
0.028623722444 -1.03919339071 -0.0208117565084
0.867870011954 0.0136757846354 -0.496503731606 -0.00994339923645
0.506770836859 0.0036789946215 -0.862073631016
-0.0308393174353 0.999428252889 -0.013863726177
0.86152916692 0.0336114873232 0.506594340846
0.123428064392
0 0 0

00000048.jpg
C:\Users\Deepanshu\Desktop\winter school\P8\01_Cam\P1110655.JPG
3853.35498047
1800 1200
5.69227555558 -0.707514587147 7.47089440911
-9.20425612308 -0.0189836334804 -1.99953950404
0.0580724836392 -0.706081301912 -0.0564791387465
0.937522463057 0.0284289806327 -0.345657192516 -0.0276489697178
0.75951330842 0.0321897040686 -0.649694861701
-0.0714964166948 0.996854474748 -0.0341914605088
0.646550668304 0.0724197712711 0.759425691776
0.104933328587
0 0 0

00000049.jpg
C:\Users\Deepanshu\Desktop\winter school\P8\01_Cam\P1110648.JPG
3877.41674805
1800 1200
5.47752662556 -0.176287318464 9.6105608383
-10.9534977208 0.100527353292 1.55181115823
-0.0043702818027 -1.19339154236 -0.0102436017352
0.827182209449 -0.00205775053523 -0.561909322076 -0.00482320772548
0.368468942719 0.0102918934454 -0.929583158655
-0.00566679304659 0.999945518147 0.00882468030676
0.929622419523 0.00201614176984 0.368507169651
0.104382303322
0 0 0

00000050.jpg
C:\Users\Deepanshu\Desktop\winter school\P8\01_Cam\P1110649.JPG
3874.70532227
1800 1200
5.42230351284 -0.248973950074 9.63722836569
-10.9507855411 0.101492366306 1.55227005136
0.00486384096052 -1.19906889146 -0.0134010490528
0.825574528542 0.00228880780806 -0.564253285307 -0.00630621477083
0.363157088679 0.00782957102432 -0.931695330601
-0.0129954301209 0.999909824135 0.00333741390982
0.931637229381 0.0108957396181 0.363226295897
0.1049107217
0 0 0

00000051.jpg
C:\Users\Deepanshu\Desktop\winter school\P8\01_Cam\P1110647.JPG
3880.52636719
1800 1200
6.41916138423 -0.904884308466 8.90299611984
-10.7541015537 0.12406072922 2.37101312731
0.0615226659848 -1.16411666086 -0.0569693465116
0.834502945559 0.0290448625994 -0.549579702425 -0.0268952395889
0.394477374249 0.012963375937 -0.918813928826
-0.0768132506966 0.996866214072 -0.0189139145328
0.915689593146 0.0780381790375 0.394237076264
0.0964710231339
0 0 0

00000052.jpg
C:\Users\Deepanshu\Desktop\winter school\P8\01_Cam\P1110646.JPG
3886.65771484
1800 1200
6.46868613853 -0.816761837389 8.88499747419
-10.7624817917 0.122184789521 2.3681665227
0.059940992498 -1.15910745365 -0.04867210895
0.836003074764 0.0283134907502 -0.547511424148 -0.022990565373
0.399405264406 0.00743645009966 -0.916744178731
-0.0694442832699 0.997339894457 -0.0221651481947
0.914140757492 0.0725155131031 0.398859405194
0.0999552169517
0 0 0

